1 0 29 0
2 0 29 0
3 0 29 0
4 0 29 0
5 0 29 0
6 0 29 0
7 0 29 0
8 0 29 0
9 0 29 0
10 0 29 0
11 0 29 0
12 0 29 0
13 0 29 0
14 0 29 0
15 0 29 0
16 0 29 0
17 0 29 0
18 0 29 0
19 0 29 0
20 0 29 0
21 0 29 0
22 0 29 0
23 0 29 0
24 0 22 0
25 0 17 0
26 0 13 0
27 0 5 0
28 0 2 0
29 0 1 0
30 0 1 0
31 0 15 0
32 0 5 0
33 0 6 0
34 0 1 0
35 0 15 0
36 0 23 0
37 0 1 0
38 0 0 0
39 1 1 38
40 1 1 38
41 2 26 30
42 2 8 37
43 2 3 34
44 2 2 29
45 2 2 37
46 2 4 29
47 2 5 30
48 2 7 34
49 5 29 46
50 5 6 0
51 5 5 46
52 6 18 0
53 6 9 0
54 6 7 47
55 6 6 51
56 6 6 51
57 6 6 32
58 6 27 47
59 6 7 32
60 7 10 0
61 7 8 33
62 7 11 33
63 8 8 48
64 8 10 59
65 8 9 48
66 8 14 59
67 9 10 0
68 10 11 0
69 10 10 65
70 10 11 65
71 11 29 64
72 11 28 64
73 11 12 0
74 11 11 64
75 12 29 62
76 12 13 74
77 12 12 62
78 12 12 70
79 12 14 74
80 12 14 70
81 13 15 0
82 14 18 0
83 15 17 66
84 15 15 79
85 15 15 80
86 15 19 79
87 15 16 80
88 15 21 66
89 16 29 31
90 16 29 35
91 16 17 35
92 16 17 0
93 16 16 31
94 17 18 87
95 17 19 87
96 17 17 0
97 18 18 96
98 18 18 96
99 19 29 0
100 20 29 0
101 20 29 86
102 20 25 0
103 20 24 0
104 20 20 95
105 20 20 86
106 20 24 95
107 21 29 105
108 21 25 105
109 21 24 0
110 21 24 0
111 21 22 0
112 21 22 0
113 21 23 0
114 21 21 0
115 22 25 88
116 22 24 0
117 22 23 0
118 22 22 114
119 22 22 88
120 22 22 114
121 23 24 0
122 23 24 0
123 23 24 0
124 23 23 120
125 23 23 120
126 24 29 36
127 24 24 113
128 24 24 113
129 24 25 36
130 25 29 0
131 25 29 0
132 25 29 106
133 25 29 106
134 26 29 129
135 26 29 129
136 27 29 0
137 27 28 0
138 28 29 58
139 28 29 0
140 28 28 58
141 29 29 137
142 29 29 137
