1 0 29 0
2 0 29 0
3 0 29 0
4 0 29 0
5 0 29 0
6 0 29 0
7 0 29 0
8 0 29 0
9 0 29 0
10 0 29 0
11 0 29 0
12 0 29 0
13 0 29 0
14 0 29 0
15 0 29 0
16 0 29 0
17 0 29 0
18 0 29 0
19 0 23 0
20 0 19 0
21 0 18 0
22 0 6 0
23 0 5 0
24 0 5 0
25 0 2 0
26 0 1 0
27 0 1 0
28 0 1 0
29 0 1 0
30 0 1 0
31 0 9 0
32 0 1 0
33 0 5 0
34 0 1 0
35 0 6 0
36 0 5 0
37 0 15 0
38 0 6 0
39 0 0 0
40 0 2 0
41 0 8 0
42 0 7 0
43 0 14 0
44 0 10 0
45 0 0 0
46 0 14 0
47 0 8 0
48 0 8 0
49 0 0 0
50 0 20 0
51 0 15 0
52 0 2 0
53 0 1 0
54 0 1 0
55 0 3 0
56 0 0 0
57 0 3 0
58 0 2 0
59 0 7 0
60 0 6 0
61 0 28 0
62 0 0 0
63 0 2 0
64 0 5 0
65 1 18 45
66 1 8 0
67 1 6 0
68 1 3 62
69 1 2 39
70 1 2 0
71 1 2 0
72 1 1 39
73 1 1 49
74 1 4 39
75 1 16 45
76 1 2 49
77 1 8 56
78 1 13 56
79 1 4 62
80 1 3 56
81 2 29 32
82 2 5 53
83 2 3 32
84 2 3 0
85 2 3 0
86 2 2 34
87 2 2 54
88 2 4 34
89 2 6 53
90 2 3 54
91 3 29 40
92 3 6 52
93 3 6 0
94 3 5 0
95 3 5 58
96 3 4 0
97 3 4 0
98 3 3 63
99 3 3 40
100 3 3 76
101 3 21 76
102 3 8 52
103 3 10 58
104 3 16 63
105 4 29 55
106 4 22 0
107 4 7 0
108 4 6 0
109 4 5 80
110 4 5 0
111 4 4 90
112 4 4 90
113 4 4 57
114 4 4 55
115 4 4 80
116 4 5 90
117 4 7 57
118 5 7 0
119 5 6 79
120 5 5 88
121 5 5 74
122 5 24 88
123 5 9 74
124 5 16 79
125 6 29 33
126 6 6 33
127 6 6 36
128 6 6 64
129 6 6 116
130 6 7 36
131 6 7 116
132 6 12 64
133 7 29 35
134 7 29 0
135 7 10 0
136 7 10 0
137 7 9 0
138 7 7 35
139 7 7 38
140 7 7 89
141 7 7 60
142 7 8 38
143 7 8 89
144 7 14 60
145 8 29 130
146 8 29 42
147 8 29 59
148 8 28 42
149 8 9 130
150 8 9 131
151 8 8 131
152 8 8 117
153 8 8 59
154 8 18 131
155 8 20 117
156 9 11 0
157 9 11 142
158 9 11 48
159 9 10 102
160 9 9 47
161 9 9 102
162 9 9 143
163 9 9 77
164 9 12 142
165 9 10 41
166 9 10 47
167 9 12 48
168 9 11 102
169 9 22 143
170 9 12 77
171 9 9 41
172 10 15 0
173 10 13 31
174 10 12 123
175 10 10 171
176 10 10 171
177 10 16 31
178 10 20 123
179 11 29 166
180 11 16 103
181 11 12 44
182 11 12 166
183 11 11 165
184 11 16 165
185 11 13 44
186 11 15 103
187 12 16 0
188 12 14 0
189 12 14 168
190 12 15 168
191 13 25 0
192 13 22 170
193 13 20 132
194 13 19 167
195 13 17 0
196 13 14 0
197 13 13 132
198 13 25 164
199 13 21 167
200 13 17 170
201 13 18 164
202 14 15 0
203 14 14 185
204 14 14 78
205 14 15 185
206 14 15 78
207 15 29 43
208 15 17 144
209 15 16 0
210 15 15 43
211 15 15 46
212 15 16 46
213 15 16 144
214 15 16 144
215 16 29 186
216 16 29 206
217 16 19 206
218 16 17 205
219 16 16 37
220 16 16 51
221 16 16 190
222 16 16 186
223 16 25 37
224 16 16 205
225 16 17 51
226 16 16 190
227 16 16 0
228 16 16 51
229 17 23 124
230 17 21 104
231 17 18 0
232 17 18 104
233 17 18 184
234 17 18 212
235 17 18 226
236 17 18 227
237 17 17 177
238 17 17 124
239 17 17 224
240 17 17 75
241 17 17 228
242 17 17 228
243 17 17 227
244 17 17 227
245 17 17 214
246 17 20 177
247 17 19 184
248 17 18 224
249 17 18 75
250 17 22 212
251 17 17 226
252 17 18 213
253 17 18 214
254 17 17 213
255 18 29 225
256 18 23 200
257 18 19 0
258 18 19 251
259 18 19 254
260 18 18 254
261 18 25 225
262 18 18 251
263 18 19 200
264 19 29 248
265 19 29 249
266 19 28 201
267 19 28 248
268 19 22 0
269 19 20 201
270 19 19 262
271 19 19 154
272 19 19 252
273 19 19 253
274 19 19 253
275 19 19 248
276 19 22 249
277 19 20 262
278 19 20 154
279 19 22 252
280 20 29 263
281 20 29 263
282 20 28 275
283 20 22 247
284 20 20 275
285 20 20 247
286 21 29 178
287 21 29 50
288 21 29 50
289 21 29 278
290 21 29 277
291 21 23 178
292 21 22 246
293 21 22 0
294 21 22 284
295 21 22 0
296 21 21 285
297 21 21 285
298 21 21 284
299 21 21 278
300 21 21 155
301 21 23 246
302 21 23 0
303 21 22 284
304 21 21 277
305 21 28 155
306 22 29 304
307 22 29 0
308 22 23 0
309 22 23 199
310 22 22 101
311 22 22 304
312 22 25 199
313 22 23 101
314 22 22 0
315 23 29 303
316 23 29 250
317 23 25 250
318 23 24 0
319 23 24 314
320 23 24 169
321 23 23 283
322 23 23 303
323 23 23 276
324 23 23 314
325 23 23 169
326 23 23 279
327 23 24 283
328 23 27 276
329 23 23 169
330 23 24 279
331 24 29 301
332 24 27 302
333 24 25 313
334 24 24 329
335 24 25 301
336 24 28 302
337 24 27 313
338 24 25 329
339 25 29 122
340 25 29 122
341 25 29 330
342 25 25 330
343 25 26 327
344 25 26 327
345 26 29 335
346 26 29 223
347 26 29 312
348 26 29 261
349 26 28 0
350 26 28 312
351 26 26 223
352 26 26 335
353 26 26 198
354 26 26 338
355 26 26 198
356 26 28 261
357 26 27 338
358 27 29 355
359 27 29 355
360 27 29 344
361 27 29 343
362 27 29 344
363 27 29 0
364 27 29 0
365 27 27 355
366 27 27 343
367 28 29 366
368 28 29 366
369 28 29 0
370 28 29 328
371 28 29 337
372 28 29 328
373 28 29 0
374 28 29 357
375 28 29 357
376 28 28 337
377 29 29 336
378 29 29 336
379 29 29 356
380 29 29 356
381 29 29 305
382 29 29 305
383 29 29 305
384 29 29 61
385 29 29 61
