0 6
1 7
2 8
3 9
4 10
5 11
6 12
7 13
8 14
9 15
10 16
11 17
12 18
13 19
14 20
15 21
16 22
17 23
18 24
19 25
20 26
21 27
22 28
23 29
24 30
25 31
26 32
27 33
28 34
29 35
30 36
31 37
32 38
33 39
34 40
35 41
36 42
37 43
38 44
39 45
40 46
41 47
42 48
43 49
44 50
45 51
46 52
47 53
48 54
49 55
50 56
51 57
52 58
53 59
54 61
55 62
56 63
57 64
58 65
59 66
60 67
61 68
62 69
63 70
64 71
65 72
66 73
67 74
68 75
69 76
70 77
71 78
72 79
73 80
74 81
75 82
76 83
77 84
78 85
79 86
80 87
81 88
82 89
83 90
84 91
85 92
86 93
87 94
88 95
89 96
90 97
91 98
92 99
93 100
94 101
95 102
96 103
97 104
98 105
99 106
100 107
101 108
102 109
103 110
104 111
105 111
105 112
106 113
107 114
108 115
109 116
110 117
111 118
111 119
112 118
112 119
113 120
114 121
115 122
116 123
117 124
118 125
118 126
119 125
119 126
120 127
121 128
122 129
123 130
124 131
125 132
125 133
126 133
127 134
128 135
129 136
130 137
131 138
132 139
133 140
134 141
135 142
136 143
137 144
138 145
139 146
139 147
140 147
141 148
142 149
143 150
144 151
145 152
146 153
147 154
148 155
149 156
150 157
152 158
153 159
153 160
154 160
155 161
156 162
157 163
158 164
159 165
160 166
161 167
162 168
163 169
164 170
165 171
166 172
167 173
168 174
169 175
170 176
171 177
172 178
173 179
174 180
175 181
176 182
177 183
178 183
178 184
179 185
180 186
181 187
182 188
183 189
183 190
184 190
185 191
186 192
187 193
188 194
189 195
190 196
191 197
192 198
193 199
194 200
195 201
196 202
197 203
198 204
199 205
200 206
201 207
202 208
203 209
204 210
205 211
206 212
207 213
208 214
209 215
210 216
211 217
212 218
213 219
214 220
215 221
216 222
217 223
218 224
219 225
220 226
221 227
222 228
223 229
224 230
225 231
226 232
227 233
228 234
229 235
230 236
231 237
232 237
232 238
233 239
234 240
235 241
236 242
237 243
237 244
238 243
238 244
239 245
240 246
241 247
242 248
243 249
243 250
244 249
244 250
245 251
246 252
247 253
248 254
249 255
249 256
250 255
250 256
251 257
252 258
253 259
254 260
255 261
255 262
256 261
256 262
257 263
258 264
259 265
260 266
261 267
261 268
262 267
262 268
263 269
264 270
265 271
266 272
267 273
267 274
268 273
268 274
269 275
270 276
271 277
272 278
273 279
273 280
274 279
274 280
275 281
276 282
277 283
278 284
279 285
279 286
280 285
280 286
281 287
282 288
283 289
284 290
285 291
285 292
286 291
286 292
287 293
288 294
289 295
290 296
291 297
291 298
292 297
292 298
293 299
294 300
295 301
296 302
297 303
297 304
298 303
298 304
299 305
300 306
301 307
302 308
303 309
303 310
304 309
304 310
305 311
306 312
307 313
308 314
309 315
309 316
310 315
310 316
311 317
312 318
313 319
314 320
315 321
315 322
316 321
316 322
317 323
318 324
319 325
320 326
321 327
321 328
322 327
322 328
323 329
324 330
325 331
326 332
327 333
327 334
328 333
328 334
329 335
330 336
331 337
332 338
333 339
333 340
334 339
334 340
335 341
336 342
337 343
338 345
339 346
339 347
340 346
340 347
341 348
342 349
343 350
344 351
345 352
346 353
346 354
347 353
347 354
348 355
349 356
350 357
351 358
352 359
353 360
353 361
354 360
354 361
355 362
356 363
357 364
358 365
359 366
360 367
361 367
361 368
362 369
363 370
364 371
365 372
366 373
367 374
367 375
368 375
369 376
370 377
371 378
372 379
373 380
374 381
374 382
375 382
376 383
377 384
378 385
379 386
380 387
381 388
381 389
382 388
382 389
383 390
384 391
385 392
386 393
387 394
388 395
388 396
389 395
389 396
390 397
391 398
392 399
393 400
394 401
395 402
395 403
396 403
397 404
398 405
399 406
400 407
401 408
402 409
403 410
404 411
405 412
406 413
407 414
408 415
409 416
410 417
411 418
412 419
413 420
414 421
415 422
416 423
417 424
418 425
419 426
420 427
421 428
422 429
423 430
424 431
425 432
426 433
427 434
428 435
429 436
430 437
431 438
432 439
433 440
434 441
435 442
436 443
437 444
438 445
439 446
440 447
441 448
442 449
443 450
444 451
445 452
446 453
447 454
448 455
449 456
450 457
450 458
451 458
452 459
453 460
454 461
455 462
456 463
457 464
458 464
459 465
460 466
461 467
462 468
463 469
464 470
465 471
466 472
467 473
468 474
469 475
470 476
471 477
472 478
473 479
474 480
475 481
476 482
477 483
478 484
479 485
480 486
481 487
482 488
482 489
483 490
484 491
485 492
486 493
487 494
488 495
488 496
489 495
489 496
490 497
491 498
492 499
493 500
494 501
495 502
495 503
496 502
496 503
497 504
498 505
499 506
500 507
501 508
502 509
502 510
503 509
503 510
504 511
505 512
506 513
507 514
508 515
509 516
509 517
510 516
510 517
511 518
512 519
513 520
514 521
515 522
516 523
516 524
517 523
517 524
518 525
519 526
520 527
521 528
522 529
523 530
523 531
524 530
524 531
525 532
526 533
527 534
528 535
529 536
530 537
530 538
531 537
531 538
532 539
533 540
534 541
535 542
536 543
537 544
537 545
537 548
538 544
538 545
539 546
540 547
541 548
542 549
543 550
544 551
544 552
544 555
545 551
545 552
546 553
547 554
548 551
548 555
549 556
550 557
551 558
551 559
551 562
552 558
552 559
553 560
554 561
555 558
555 562
556 563
557 564
558 565
558 566
558 569
559 565
559 566
560 567
561 568
562 565
562 569
563 570
564 571
565 572
565 573
565 576
566 572
566 573
567 574
568 575
569 576
570 577
571 578
572 579
572 580
572 583
573 579
573 580
574 581
575 582
576 583
577 584
578 585
579 586
579 587
580 586
580 587
581 588
582 589
583 590
584 591
585 592
586 593
587 593
588 594
589 595
590 596
591 597
592 598
593 599
593 600
594 601
595 602
596 603
597 604
598 605
599 606
599 607
600 606
600 607
601 608
602 609
603 610
604 611
605 612
606 613
606 614
607 613
607 614
608 615
609 616
610 617
611 618
612 619
613 620
613 621
614 621
615 622
616 623
617 624
618 625
619 626
620 627
621 627
621 628
622 629
623 630
624 631
625 632
626 633
627 634
627 635
628 634
628 635
629 636
630 637
631 638
632 639
633 640
634 641
634 642
635 641
635 642
636 643
637 644
638 645
639 646
640 647
641 648
641 649
642 648
642 649
643 650
644 651
645 652
646 653
647 654
648 655
648 656
649 655
649 656
650 657
651 658
652 659
653 660
654 661
655 662
655 663
656 662
656 663
657 664
658 665
659 666
660 667
661 668
662 669
662 670
663 669
663 670
664 671
665 672
666 673
667 674
668 675
669 676
669 677
670 676
670 677
671 678
672 679
673 680
674 681
675 682
676 683
676 684
677 683
677 684
678 685
679 686
680 687
681 688
682 689
683 690
683 691
684 690
684 691
684 692
685 692
686 693
687 694
688 695
689 696
690 697
690 698
691 697
691 698
691 699
692 698
692 699
693 700
694 701
695 702
696 703
697 704
697 705
698 704
698 705
698 706
699 705
699 706
700 707
701 708
702 709
703 710
704 711
704 712
705 711
705 712
705 713
706 712
706 713
707 714
708 715
709 716
710 717
711 718
711 719
712 718
712 719
712 720
713 719
713 720
714 721
715 722
716 723
717 724
718 725
718 726
719 725
719 726
719 727
720 726
720 727
721 728
722 729
723 730
724 731
725 732
725 733
726 733
726 734
727 733
727 734
728 735
729 736
730 737
731 738
732 739
733 740
733 741
734 740
734 741
735 742
736 743
737 744
738 745
739 746
740 747
740 748
741 747
741 748
742 749
743 750
744 751
745 752
746 753
747 754
747 755
748 754
748 755
749 756
750 757
751 758
752 759
